TRINITY_DN25189_c0_g1_i3	sp|P31418|OBP1_MANSE	90.000	20	2	0	405	346	86	105	5.77e-10	43.9
TRINITY_DN25189_c0_g1_i4	sp|P31418|OBP1_MANSE	90.000	20	2	0	546	487	86	105	1.35e-09	43.9
TRINITY_DN12969_c0_g1_i1	sp|P34171|OBP1_BOMMO	73.913	23	6	0	727	795	115	137	2.08e-09	44.3
TRINITY_DN21902_c3_g4_i1	sp|P34171|OBP1_BOMMO	82.857	140	24	0	117	536	23	162	9.98e-91	252
TRINITY_DN20286_c0_g1_i2	sp|P31419|OBP2_MANSE	63.636	22	8	0	1	66	84	105	1.12e-07	37.7
TRINITY_DN20286_c0_g1_i4	sp|P31419|OBP2_MANSE	63.636	22	8	0	1	66	84	105	5.17e-08	37.7
TRINITY_DN20286_c0_g1_i5	sp|P31419|OBP2_MANSE	63.636	22	8	0	1	66	84	105	1.12e-07	37.7
TRINITY_DN20286_c0_g1_i6	sp|P31419|OBP2_MANSE	63.636	22	8	0	1	66	84	105	1.14e-07	37.7
TRINITY_DN20286_c0_g1_i10	sp|P31419|OBP2_MANSE	63.636	22	8	0	1	66	84	105	9.26e-08	37.7
TRINITY_DN20286_c0_g1_i11	sp|P31419|OBP2_MANSE	63.636	22	8	0	1	66	84	105	9.44e-08	37.7
